500000.000 6964000.000 41.920
500000.000 6964100.000 41.922
500000.000 6964200.000 41.924
500000.000 6964300.000 41.927
500000.000 6964400.000 41.929
500000.000 6964500.000 41.931
500000.000 6964600.000 41.933
500000.000 6964700.000 41.935
500000.000 6964800.000 41.937
500000.000 6964900.000 41.940
500000.000 6965000.000 41.942
500000.000 6965100.000 41.944
500000.000 6965200.000 41.946
500000.000 6965300.000 41.948
500000.000 6965400.000 41.950
500000.000 6965500.000 41.953
500000.000 6965600.000 41.955
500000.000 6965700.000 41.957
500000.000 6965800.000 41.959
500000.000 6965900.000 41.962
500000.000 6966000.000 41.964
500000.000 6966100.000 41.966
500000.000 6966200.000 41.969
500000.000 6966300.000 41.971
500000.000 6966400.000 41.973
500000.000 6966500.000 41.976
500000.000 6966600.000 41.978
500000.000 6966700.000 41.980
500000.000 6966800.000 41.983
500000.000 6966900.000 41.985
500000.000 6967000.000 41.987
500000.000 6967100.000 41.990
500000.000 6967200.000 41.992
500000.000 6967300.000 41.994
500000.000 6967400.000 41.997
500000.000 6967500.000 41.999
500000.000 6967600.000 42.001
500000.000 6967700.000 42.003
500000.000 6967800.000 42.005
500000.000 6967900.000 42.008
500000.000 6968000.000 42.010
500100.000 6964000.000 41.919
500100.000 6964100.000 41.921
500100.000 6964200.000 41.924
500100.000 6964300.000 41.926
500100.000 6964400.000 41.928
500100.000 6964500.000 41.930
500100.000 6964600.000 41.932
500100.000 6964700.000 41.934
500100.000 6964800.000 41.936
500100.000 6964900.000 41.939
500100.000 6965000.000 41.941
500100.000 6965100.000 41.943
500100.000 6965200.000 41.945
500100.000 6965300.000 41.947
500100.000 6965400.000 41.949
500100.000 6965500.000 41.952
500100.000 6965600.000 41.954
500100.000 6965700.000 41.956
500100.000 6965800.000 41.958
500100.000 6965900.000 41.961
500100.000 6966000.000 41.963
500100.000 6966100.000 41.965
500100.000 6966200.000 41.968
500100.000 6966300.000 41.970
500100.000 6966400.000 41.972
500100.000 6966500.000 41.974
500100.000 6966600.000 41.977
500100.000 6966700.000 41.979
500100.000 6966800.000 41.981
500100.000 6966900.000 41.984
500100.000 6967000.000 41.986
500100.000 6967100.000 41.988
500100.000 6967200.000 41.991
500100.000 6967300.000 41.993
500100.000 6967400.000 41.995
500100.000 6967500.000 41.997
500100.000 6967600.000 41.999
500100.000 6967700.000 42.002
500100.000 6967800.000 42.004
500100.000 6967900.000 42.006
500100.000 6968000.000 42.008
500200.000 6964000.000 41.918
500200.000 6964100.000 41.921
500200.000 6964200.000 41.923
500200.000 6964300.000 41.925
500200.000 6964400.000 41.927
500200.000 6964500.000 41.929
500200.000 6964600.000 41.931
500200.000 6964700.000 41.933
500200.000 6964800.000 41.936
500200.000 6964900.000 41.938
500200.000 6965000.000 41.940
500200.000 6965100.000 41.942
500200.000 6965200.000 41.944
500200.000 6965300.000 41.946
500200.000 6965400.000 41.948
500200.000 6965500.000 41.950
500200.000 6965600.000 41.953
500200.000 6965700.000 41.955
500200.000 6965800.000 41.957
500200.000 6965900.000 41.959
500200.000 6966000.000 41.962
500200.000 6966100.000 41.964
500200.000 6966200.000 41.966
500200.000 6966300.000 41.969
500200.000 6966400.000 41.971
500200.000 6966500.000 41.973
500200.000 6966600.000 41.975
500200.000 6966700.000 41.978
500200.000 6966800.000 41.980
500200.000 6966900.000 41.982
500200.000 6967000.000 41.984
500200.000 6967100.000 41.987
500200.000 6967200.000 41.989
500200.000 6967300.000 41.991
500200.000 6967400.000 41.994
500200.000 6967500.000 41.996
500200.000 6967600.000 41.998
500200.000 6967700.000 42.000
500200.000 6967800.000 42.002
500200.000 6967900.000 42.004
500200.000 6968000.000 42.006
500300.000 6964000.000 41.918
500300.000 6964100.000 41.920
500300.000 6964200.000 41.922
500300.000 6964300.000 41.924
500300.000 6964400.000 41.926
500300.000 6964500.000 41.928
500300.000 6964600.000 41.930
500300.000 6964700.000 41.933
500300.000 6964800.000 41.935
500300.000 6964900.000 41.937
500300.000 6965000.000 41.939
500300.000 6965100.000 41.941
500300.000 6965200.000 41.943
500300.000 6965300.000 41.945
500300.000 6965400.000 41.947
500300.000 6965500.000 41.949
500300.000 6965600.000 41.952
500300.000 6965700.000 41.954
500300.000 6965800.000 41.956
500300.000 6965900.000 41.958
500300.000 6966000.000 41.961
500300.000 6966100.000 41.963
500300.000 6966200.000 41.965
500300.000 6966300.000 41.967
500300.000 6966400.000 41.970
500300.000 6966500.000 41.972
500300.000 6966600.000 41.974
500300.000 6966700.000 41.976
500300.000 6966800.000 41.979
500300.000 6966900.000 41.981
500300.000 6967000.000 41.983
500300.000 6967100.000 41.985
500300.000 6967200.000 41.987
500300.000 6967300.000 41.990
500300.000 6967400.000 41.992
500300.000 6967500.000 41.994
500300.000 6967600.000 41.996
500300.000 6967700.000 41.998
500300.000 6967800.000 42.000
500300.000 6967900.000 42.003
500300.000 6968000.000 42.005
500400.000 6964000.000 41.917
500400.000 6964100.000 41.919
500400.000 6964200.000 41.921
500400.000 6964300.000 41.923
500400.000 6964400.000 41.925
500400.000 6964500.000 41.927
500400.000 6964600.000 41.930
500400.000 6964700.000 41.932
500400.000 6964800.000 41.934
500400.000 6964900.000 41.936
500400.000 6965000.000 41.938
500400.000 6965100.000 41.940
500400.000 6965200.000 41.942
500400.000 6965300.000 41.944
500400.000 6965400.000 41.946
500400.000 6965500.000 41.948
500400.000 6965600.000 41.951
500400.000 6965700.000 41.953
500400.000 6965800.000 41.955
500400.000 6965900.000 41.957
500400.000 6966000.000 41.959
500400.000 6966100.000 41.962
500400.000 6966200.000 41.964
500400.000 6966300.000 41.966
500400.000 6966400.000 41.968
500400.000 6966500.000 41.970
500400.000 6966600.000 41.973
500400.000 6966700.000 41.975
500400.000 6966800.000 41.977
500400.000 6966900.000 41.979
500400.000 6967000.000 41.982
500400.000 6967100.000 41.984
500400.000 6967200.000 41.986
500400.000 6967300.000 41.988
500400.000 6967400.000 41.990
500400.000 6967500.000 41.993
500400.000 6967600.000 41.995
500400.000 6967700.000 41.997
500400.000 6967800.000 41.999
500400.000 6967900.000 42.001
500400.000 6968000.000 42.003
500500.000 6964000.000 41.916
500500.000 6964100.000 41.918
500500.000 6964200.000 41.920
500500.000 6964300.000 41.922
500500.000 6964400.000 41.925
500500.000 6964500.000 41.927
500500.000 6964600.000 41.929
500500.000 6964700.000 41.931
500500.000 6964800.000 41.933
500500.000 6964900.000 41.935
500500.000 6965000.000 41.937
500500.000 6965100.000 41.939
500500.000 6965200.000 41.941
500500.000 6965300.000 41.943
500500.000 6965400.000 41.945
500500.000 6965500.000 41.947
500500.000 6965600.000 41.950
500500.000 6965700.000 41.952
500500.000 6965800.000 41.954
500500.000 6965900.000 41.956
500500.000 6966000.000 41.958
500500.000 6966100.000 41.960
500500.000 6966200.000 41.963
500500.000 6966300.000 41.965
500500.000 6966400.000 41.967
500500.000 6966500.000 41.969
500500.000 6966600.000 41.971
500500.000 6966700.000 41.974
500500.000 6966800.000 41.976
500500.000 6966900.000 41.978
500500.000 6967000.000 41.980
500500.000 6967100.000 41.982
500500.000 6967200.000 41.984
500500.000 6967300.000 41.987
500500.000 6967400.000 41.989
500500.000 6967500.000 41.991
500500.000 6967600.000 41.993
500500.000 6967700.000 41.995
500500.000 6967800.000 41.997
500500.000 6967900.000 41.999
500500.000 6968000.000 42.001
500600.000 6964000.000 41.915
500600.000 6964100.000 41.917
500600.000 6964200.000 41.920
500600.000 6964300.000 41.922
500600.000 6964400.000 41.924
500600.000 6964500.000 41.926
500600.000 6964600.000 41.928
500600.000 6964700.000 41.930
500600.000 6964800.000 41.932
500600.000 6964900.000 41.934
500600.000 6965000.000 41.936
500600.000 6965100.000 41.938
500600.000 6965200.000 41.940
500600.000 6965300.000 41.942
500600.000 6965400.000 41.944
500600.000 6965500.000 41.946
500600.000 6965600.000 41.949
500600.000 6965700.000 41.951
500600.000 6965800.000 41.953
500600.000 6965900.000 41.955
500600.000 6966000.000 41.957
500600.000 6966100.000 41.959
500600.000 6966200.000 41.961
500600.000 6966300.000 41.964
500600.000 6966400.000 41.966
500600.000 6966500.000 41.968
500600.000 6966600.000 41.970
500600.000 6966700.000 41.972
500600.000 6966800.000 41.974
500600.000 6966900.000 41.976
500600.000 6967000.000 41.979
500600.000 6967100.000 41.981
500600.000 6967200.000 41.983
500600.000 6967300.000 41.985
500600.000 6967400.000 41.987
500600.000 6967500.000 41.989
500600.000 6967600.000 41.991
500600.000 6967700.000 41.993
500600.000 6967800.000 41.996
500600.000 6967900.000 41.998
500600.000 6968000.000 42.000
500700.000 6964000.000 41.915
500700.000 6964100.000 41.917
500700.000 6964200.000 41.919
500700.000 6964300.000 41.921
500700.000 6964400.000 41.923
500700.000 6964500.000 41.925
500700.000 6964600.000 41.927
500700.000 6964700.000 41.929
500700.000 6964800.000 41.931
500700.000 6964900.000 41.933
500700.000 6965000.000 41.935
500700.000 6965100.000 41.937
500700.000 6965200.000 41.939
500700.000 6965300.000 41.941
500700.000 6965400.000 41.943
500700.000 6965500.000 41.945
500700.000 6965600.000 41.947
500700.000 6965700.000 41.950
500700.000 6965800.000 41.952
500700.000 6965900.000 41.954
500700.000 6966000.000 41.956
500700.000 6966100.000 41.958
500700.000 6966200.000 41.960
500700.000 6966300.000 41.962
500700.000 6966400.000 41.964
500700.000 6966500.000 41.967
500700.000 6966600.000 41.969
500700.000 6966700.000 41.971
500700.000 6966800.000 41.973
500700.000 6966900.000 41.975
500700.000 6967000.000 41.977
500700.000 6967100.000 41.979
500700.000 6967200.000 41.981
500700.000 6967300.000 41.984
500700.000 6967400.000 41.986
500700.000 6967500.000 41.988
500700.000 6967600.000 41.990
500700.000 6967700.000 41.992
500700.000 6967800.000 41.994
500700.000 6967900.000 41.996
500700.000 6968000.000 41.998
500800.000 6964000.000 41.914
500800.000 6964100.000 41.916
500800.000 6964200.000 41.918
500800.000 6964300.000 41.920
500800.000 6964400.000 41.922
500800.000 6964500.000 41.924
500800.000 6964600.000 41.926
500800.000 6964700.000 41.928
500800.000 6964800.000 41.930
500800.000 6964900.000 41.932
500800.000 6965000.000 41.934
500800.000 6965100.000 41.936
500800.000 6965200.000 41.938
500800.000 6965300.000 41.940
500800.000 6965400.000 41.942
500800.000 6965500.000 41.944
500800.000 6965600.000 41.946
500800.000 6965700.000 41.949
500800.000 6965800.000 41.951
500800.000 6965900.000 41.953
500800.000 6966000.000 41.955
500800.000 6966100.000 41.957
500800.000 6966200.000 41.959
500800.000 6966300.000 41.961
500800.000 6966400.000 41.963
500800.000 6966500.000 41.965
500800.000 6966600.000 41.967
500800.000 6966700.000 41.969
500800.000 6966800.000 41.972
500800.000 6966900.000 41.974
500800.000 6967000.000 41.976
500800.000 6967100.000 41.978
500800.000 6967200.000 41.980
500800.000 6967300.000 41.982
500800.000 6967400.000 41.984
500800.000 6967500.000 41.986
500800.000 6967600.000 41.988
500800.000 6967700.000 41.990
500800.000 6967800.000 41.992
500800.000 6967900.000 41.994
500800.000 6968000.000 41.996
500900.000 6964000.000 41.913
500900.000 6964100.000 41.915
500900.000 6964200.000 41.917
500900.000 6964300.000 41.919
500900.000 6964400.000 41.921
500900.000 6964500.000 41.923
500900.000 6964600.000 41.925
500900.000 6964700.000 41.927
500900.000 6964800.000 41.929
500900.000 6964900.000 41.931
500900.000 6965000.000 41.933
500900.000 6965100.000 41.935
500900.000 6965200.000 41.937
500900.000 6965300.000 41.939
500900.000 6965400.000 41.941
500900.000 6965500.000 41.943
500900.000 6965600.000 41.945
500900.000 6965700.000 41.947
500900.000 6965800.000 41.950
500900.000 6965900.000 41.952
500900.000 6966000.000 41.954
500900.000 6966100.000 41.956
500900.000 6966200.000 41.958
500900.000 6966300.000 41.960
500900.000 6966400.000 41.962
500900.000 6966500.000 41.964
500900.000 6966600.000 41.966
500900.000 6966700.000 41.968
500900.000 6966800.000 41.970
500900.000 6966900.000 41.972
500900.000 6967000.000 41.974
500900.000 6967100.000 41.976
500900.000 6967200.000 41.978
500900.000 6967300.000 41.980
500900.000 6967400.000 41.983
500900.000 6967500.000 41.985
500900.000 6967600.000 41.987
500900.000 6967700.000 41.989
500900.000 6967800.000 41.991
500900.000 6967900.000 41.993
500900.000 6968000.000 41.995
501000.000 6964000.000 41.912
501000.000 6964100.000 41.914
501000.000 6964200.000 41.916
501000.000 6964300.000 41.918
501000.000 6964400.000 41.920
501000.000 6964500.000 41.922
501000.000 6964600.000 41.924
501000.000 6964700.000 41.926
501000.000 6964800.000 41.928
501000.000 6964900.000 41.930
501000.000 6965000.000 41.932
501000.000 6965100.000 41.934
501000.000 6965200.000 41.936
501000.000 6965300.000 41.938
501000.000 6965400.000 41.940
501000.000 6965500.000 41.942
501000.000 6965600.000 41.944
501000.000 6965700.000 41.946
501000.000 6965800.000 41.948
501000.000 6965900.000 41.950
501000.000 6966000.000 41.952
501000.000 6966100.000 41.955
501000.000 6966200.000 41.957
501000.000 6966300.000 41.959
501000.000 6966400.000 41.961
501000.000 6966500.000 41.963
501000.000 6966600.000 41.965
501000.000 6966700.000 41.967
501000.000 6966800.000 41.969
501000.000 6966900.000 41.971
501000.000 6967000.000 41.973
501000.000 6967100.000 41.975
501000.000 6967200.000 41.977
501000.000 6967300.000 41.979
501000.000 6967400.000 41.981
501000.000 6967500.000 41.983
501000.000 6967600.000 41.985
501000.000 6967700.000 41.987
501000.000 6967800.000 41.989
501000.000 6967900.000 41.991
501000.000 6968000.000 41.993
501100.000 6964000.000 41.912
501100.000 6964100.000 41.914
501100.000 6964200.000 41.915
501100.000 6964300.000 41.917
501100.000 6964400.000 41.919
501100.000 6964500.000 41.921
501100.000 6964600.000 41.923
501100.000 6964700.000 41.925
501100.000 6964800.000 41.927
501100.000 6964900.000 41.929
501100.000 6965000.000 41.931
501100.000 6965100.000 41.933
501100.000 6965200.000 41.935
501100.000 6965300.000 41.937
501100.000 6965400.000 41.939
501100.000 6965500.000 41.941
501100.000 6965600.000 41.943
501100.000 6965700.000 41.945
501100.000 6965800.000 41.947
501100.000 6965900.000 41.949
501100.000 6966000.000 41.951
501100.000 6966100.000 41.953
501100.000 6966200.000 41.955
501100.000 6966300.000 41.957
501100.000 6966400.000 41.959
501100.000 6966500.000 41.961
501100.000 6966600.000 41.963
501100.000 6966700.000 41.965
501100.000 6966800.000 41.967
501100.000 6966900.000 41.969
501100.000 6967000.000 41.971
501100.000 6967100.000 41.973
501100.000 6967200.000 41.975
501100.000 6967300.000 41.977
501100.000 6967400.000 41.979
501100.000 6967500.000 41.981
501100.000 6967600.000 41.983
501100.000 6967700.000 41.985
501100.000 6967800.000 41.987
501100.000 6967900.000 41.989
501100.000 6968000.000 41.991
501200.000 6964000.000 41.911
501200.000 6964100.000 41.913
501200.000 6964200.000 41.915
501200.000 6964300.000 41.917
501200.000 6964400.000 41.919
501200.000 6964500.000 41.921
501200.000 6964600.000 41.923
501200.000 6964700.000 41.925
501200.000 6964800.000 41.926
501200.000 6964900.000 41.928
501200.000 6965000.000 41.930
501200.000 6965100.000 41.932
501200.000 6965200.000 41.934
501200.000 6965300.000 41.936
501200.000 6965400.000 41.938
501200.000 6965500.000 41.940
501200.000 6965600.000 41.942
501200.000 6965700.000 41.944
501200.000 6965800.000 41.946
501200.000 6965900.000 41.948
501200.000 6966000.000 41.950
501200.000 6966100.000 41.952
501200.000 6966200.000 41.954
501200.000 6966300.000 41.956
501200.000 6966400.000 41.958
501200.000 6966500.000 41.960
501200.000 6966600.000 41.962
501200.000 6966700.000 41.964
501200.000 6966800.000 41.966
501200.000 6966900.000 41.968
501200.000 6967000.000 41.970
501200.000 6967100.000 41.972
501200.000 6967200.000 41.974
501200.000 6967300.000 41.976
501200.000 6967400.000 41.978
501200.000 6967500.000 41.980
501200.000 6967600.000 41.982
501200.000 6967700.000 41.984
501200.000 6967800.000 41.986
501200.000 6967900.000 41.988
501200.000 6968000.000 41.990
501300.000 6964000.000 41.910
501300.000 6964100.000 41.912
501300.000 6964200.000 41.914
501300.000 6964300.000 41.916
501300.000 6964400.000 41.918
501300.000 6964500.000 41.920
501300.000 6964600.000 41.922
501300.000 6964700.000 41.924
501300.000 6964800.000 41.926
501300.000 6964900.000 41.928
501300.000 6965000.000 41.929
501300.000 6965100.000 41.931
501300.000 6965200.000 41.933
501300.000 6965300.000 41.935
501300.000 6965400.000 41.937
501300.000 6965500.000 41.939
501300.000 6965600.000 41.941
501300.000 6965700.000 41.943
501300.000 6965800.000 41.945
501300.000 6965900.000 41.947
501300.000 6966000.000 41.949
501300.000 6966100.000 41.951
501300.000 6966200.000 41.953
501300.000 6966300.000 41.955
501300.000 6966400.000 41.957
501300.000 6966500.000 41.959
501300.000 6966600.000 41.961
501300.000 6966700.000 41.963
501300.000 6966800.000 41.965
501300.000 6966900.000 41.966
501300.000 6967000.000 41.968
501300.000 6967100.000 41.970
501300.000 6967200.000 41.972
501300.000 6967300.000 41.974
501300.000 6967400.000 41.976
501300.000 6967500.000 41.978
501300.000 6967600.000 41.980
501300.000 6967700.000 41.982
501300.000 6967800.000 41.984
501300.000 6967900.000 41.986
501300.000 6968000.000 41.988
501400.000 6964000.000 41.909
501400.000 6964100.000 41.911
501400.000 6964200.000 41.913
501400.000 6964300.000 41.915
501400.000 6964400.000 41.917
501400.000 6964500.000 41.919
501400.000 6964600.000 41.921
501400.000 6964700.000 41.923
501400.000 6964800.000 41.925
501400.000 6964900.000 41.927
501400.000 6965000.000 41.929
501400.000 6965100.000 41.930
501400.000 6965200.000 41.932
501400.000 6965300.000 41.934
501400.000 6965400.000 41.936
501400.000 6965500.000 41.938
501400.000 6965600.000 41.940
501400.000 6965700.000 41.942
501400.000 6965800.000 41.944
501400.000 6965900.000 41.946
501400.000 6966000.000 41.948
501400.000 6966100.000 41.950
501400.000 6966200.000 41.952
501400.000 6966300.000 41.954
501400.000 6966400.000 41.955
501400.000 6966500.000 41.957
501400.000 6966600.000 41.959
501400.000 6966700.000 41.961
501400.000 6966800.000 41.963
501400.000 6966900.000 41.965
501400.000 6967000.000 41.967
501400.000 6967100.000 41.969
501400.000 6967200.000 41.971
501400.000 6967300.000 41.973
501400.000 6967400.000 41.975
501400.000 6967500.000 41.977
501400.000 6967600.000 41.979
501400.000 6967700.000 41.980
501400.000 6967800.000 41.982
501400.000 6967900.000 41.984
501400.000 6968000.000 41.986
501500.000 6964000.000 41.908
501500.000 6964100.000 41.910
501500.000 6964200.000 41.912
501500.000 6964300.000 41.914
501500.000 6964400.000 41.916
501500.000 6964500.000 41.918
501500.000 6964600.000 41.920
501500.000 6964700.000 41.922
501500.000 6964800.000 41.924
501500.000 6964900.000 41.926
501500.000 6965000.000 41.928
501500.000 6965100.000 41.930
501500.000 6965200.000 41.931
501500.000 6965300.000 41.933
501500.000 6965400.000 41.935
501500.000 6965500.000 41.937
501500.000 6965600.000 41.939
501500.000 6965700.000 41.941
501500.000 6965800.000 41.943
501500.000 6965900.000 41.945
501500.000 6966000.000 41.947
501500.000 6966100.000 41.949
501500.000 6966200.000 41.950
501500.000 6966300.000 41.952
501500.000 6966400.000 41.954
501500.000 6966500.000 41.956
501500.000 6966600.000 41.958
501500.000 6966700.000 41.960
501500.000 6966800.000 41.962
501500.000 6966900.000 41.964
501500.000 6967000.000 41.966
501500.000 6967100.000 41.967
501500.000 6967200.000 41.969
501500.000 6967300.000 41.971
501500.000 6967400.000 41.973
501500.000 6967500.000 41.975
501500.000 6967600.000 41.977
501500.000 6967700.000 41.979
501500.000 6967800.000 41.981
501500.000 6967900.000 41.983
501500.000 6968000.000 41.985
501600.000 6964000.000 41.908
501600.000 6964100.000 41.910
501600.000 6964200.000 41.911
501600.000 6964300.000 41.913
501600.000 6964400.000 41.915
501600.000 6964500.000 41.917
501600.000 6964600.000 41.919
501600.000 6964700.000 41.921
501600.000 6964800.000 41.923
501600.000 6964900.000 41.925
501600.000 6965000.000 41.927
501600.000 6965100.000 41.929
501600.000 6965200.000 41.930
501600.000 6965300.000 41.932
501600.000 6965400.000 41.934
501600.000 6965500.000 41.936
501600.000 6965600.000 41.938
501600.000 6965700.000 41.940
501600.000 6965800.000 41.942
501600.000 6965900.000 41.944
501600.000 6966000.000 41.946
501600.000 6966100.000 41.947
501600.000 6966200.000 41.949
501600.000 6966300.000 41.951
501600.000 6966400.000 41.953
501600.000 6966500.000 41.955
501600.000 6966600.000 41.957
501600.000 6966700.000 41.959
501600.000 6966800.000 41.960
501600.000 6966900.000 41.962
501600.000 6967000.000 41.964
501600.000 6967100.000 41.966
501600.000 6967200.000 41.968
501600.000 6967300.000 41.970
501600.000 6967400.000 41.971
501600.000 6967500.000 41.973
501600.000 6967600.000 41.975
501600.000 6967700.000 41.977
501600.000 6967800.000 41.979
501600.000 6967900.000 41.981
501600.000 6968000.000 41.983
501700.000 6964000.000 41.907
501700.000 6964100.000 41.908
501700.000 6964200.000 41.910
501700.000 6964300.000 41.912
501700.000 6964400.000 41.914
501700.000 6964500.000 41.916
501700.000 6964600.000 41.918
501700.000 6964700.000 41.920
501700.000 6964800.000 41.922
501700.000 6964900.000 41.924
501700.000 6965000.000 41.926
501700.000 6965100.000 41.927
501700.000 6965200.000 41.929
501700.000 6965300.000 41.931
501700.000 6965400.000 41.933
501700.000 6965500.000 41.935
501700.000 6965600.000 41.937
501700.000 6965700.000 41.939
501700.000 6965800.000 41.941
501700.000 6965900.000 41.942
501700.000 6966000.000 41.944
501700.000 6966100.000 41.946
501700.000 6966200.000 41.948
501700.000 6966300.000 41.950
501700.000 6966400.000 41.952
501700.000 6966500.000 41.953
501700.000 6966600.000 41.955
501700.000 6966700.000 41.957
501700.000 6966800.000 41.959
501700.000 6966900.000 41.961
501700.000 6967000.000 41.963
501700.000 6967100.000 41.964
501700.000 6967200.000 41.966
501700.000 6967300.000 41.968
501700.000 6967400.000 41.970
501700.000 6967500.000 41.972
501700.000 6967600.000 41.974
501700.000 6967700.000 41.976
501700.000 6967800.000 41.978
501700.000 6967900.000 41.979
501700.000 6968000.000 41.981
501800.000 6964000.000 41.905
501800.000 6964100.000 41.907
501800.000 6964200.000 41.909
501800.000 6964300.000 41.911
501800.000 6964400.000 41.913
501800.000 6964500.000 41.915
501800.000 6964600.000 41.917
501800.000 6964700.000 41.918
501800.000 6964800.000 41.920
501800.000 6964900.000 41.922
501800.000 6965000.000 41.924
501800.000 6965100.000 41.926
501800.000 6965200.000 41.928
501800.000 6965300.000 41.930
501800.000 6965400.000 41.932
501800.000 6965500.000 41.934
501800.000 6965600.000 41.936
501800.000 6965700.000 41.937
501800.000 6965800.000 41.939
501800.000 6965900.000 41.941
501800.000 6966000.000 41.943
501800.000 6966100.000 41.945
501800.000 6966200.000 41.947
501800.000 6966300.000 41.948
501800.000 6966400.000 41.950
501800.000 6966500.000 41.952
501800.000 6966600.000 41.954
501800.000 6966700.000 41.956
501800.000 6966800.000 41.957
501800.000 6966900.000 41.959
501800.000 6967000.000 41.961
501800.000 6967100.000 41.963
501800.000 6967200.000 41.965
501800.000 6967300.000 41.967
501800.000 6967400.000 41.968
501800.000 6967500.000 41.970
501800.000 6967600.000 41.972
501800.000 6967700.000 41.974
501800.000 6967800.000 41.976
501800.000 6967900.000 41.978
501800.000 6968000.000 41.980
501900.000 6964000.000 41.904
501900.000 6964100.000 41.906
501900.000 6964200.000 41.908
501900.000 6964300.000 41.909
501900.000 6964400.000 41.911
501900.000 6964500.000 41.913
501900.000 6964600.000 41.915
501900.000 6964700.000 41.917
501900.000 6964800.000 41.919
501900.000 6964900.000 41.921
501900.000 6965000.000 41.923
501900.000 6965100.000 41.925
501900.000 6965200.000 41.927
501900.000 6965300.000 41.929
501900.000 6965400.000 41.930
501900.000 6965500.000 41.932
501900.000 6965600.000 41.934
501900.000 6965700.000 41.936
501900.000 6965800.000 41.938
501900.000 6965900.000 41.940
501900.000 6966000.000 41.941
501900.000 6966100.000 41.943
501900.000 6966200.000 41.945
501900.000 6966300.000 41.947
501900.000 6966400.000 41.949
501900.000 6966500.000 41.951
501900.000 6966600.000 41.952
501900.000 6966700.000 41.954
501900.000 6966800.000 41.956
501900.000 6966900.000 41.958
501900.000 6967000.000 41.960
501900.000 6967100.000 41.961
501900.000 6967200.000 41.963
501900.000 6967300.000 41.965
501900.000 6967400.000 41.967
501900.000 6967500.000 41.969
501900.000 6967600.000 41.971
501900.000 6967700.000 41.973
501900.000 6967800.000 41.975
501900.000 6967900.000 41.976
501900.000 6968000.000 41.978
502000.000 6964000.000 41.902
502000.000 6964100.000 41.904
502000.000 6964200.000 41.906
502000.000 6964300.000 41.908
502000.000 6964400.000 41.910
502000.000 6964500.000 41.912
502000.000 6964600.000 41.914
502000.000 6964700.000 41.916
502000.000 6964800.000 41.918
502000.000 6964900.000 41.920
502000.000 6965000.000 41.921
502000.000 6965100.000 41.923
502000.000 6965200.000 41.925
502000.000 6965300.000 41.927
502000.000 6965400.000 41.929
502000.000 6965500.000 41.931
502000.000 6965600.000 41.933
502000.000 6965700.000 41.935
502000.000 6965800.000 41.936
502000.000 6965900.000 41.938
502000.000 6966000.000 41.940
502000.000 6966100.000 41.942
502000.000 6966200.000 41.944
502000.000 6966300.000 41.946
502000.000 6966400.000 41.947
502000.000 6966500.000 41.949
502000.000 6966600.000 41.951
502000.000 6966700.000 41.953
502000.000 6966800.000 41.955
502000.000 6966900.000 41.956
502000.000 6967000.000 41.958
502000.000 6967100.000 41.960
502000.000 6967200.000 41.962
502000.000 6967300.000 41.964
502000.000 6967400.000 41.965
502000.000 6967500.000 41.967
502000.000 6967600.000 41.969
502000.000 6967700.000 41.971
502000.000 6967800.000 41.973
502000.000 6967900.000 41.975
502000.000 6968000.000 41.977
502100.000 6964000.000 41.901
502100.000 6964100.000 41.903
502100.000 6964200.000 41.905
502100.000 6964300.000 41.907
502100.000 6964400.000 41.909
502100.000 6964500.000 41.911
502100.000 6964600.000 41.912
502100.000 6964700.000 41.914
502100.000 6964800.000 41.916
502100.000 6964900.000 41.918
502100.000 6965000.000 41.920
502100.000 6965100.000 41.922
502100.000 6965200.000 41.924
502100.000 6965300.000 41.926
502100.000 6965400.000 41.928
502100.000 6965500.000 41.930
502100.000 6965600.000 41.932
502100.000 6965700.000 41.933
502100.000 6965800.000 41.935
502100.000 6965900.000 41.937
502100.000 6966000.000 41.939
502100.000 6966100.000 41.941
502100.000 6966200.000 41.942
502100.000 6966300.000 41.944
502100.000 6966400.000 41.946
502100.000 6966500.000 41.948
502100.000 6966600.000 41.950
502100.000 6966700.000 41.951
502100.000 6966800.000 41.953
502100.000 6966900.000 41.955
502100.000 6967000.000 41.957
502100.000 6967100.000 41.958
502100.000 6967200.000 41.960
502100.000 6967300.000 41.962
502100.000 6967400.000 41.964
502100.000 6967500.000 41.966
502100.000 6967600.000 41.968
502100.000 6967700.000 41.970
502100.000 6967800.000 41.972
502100.000 6967900.000 41.973
502100.000 6968000.000 41.975
502200.000 6964000.000 41.900
502200.000 6964100.000 41.902
502200.000 6964200.000 41.903
502200.000 6964300.000 41.905
502200.000 6964400.000 41.907
502200.000 6964500.000 41.909
502200.000 6964600.000 41.911
502200.000 6964700.000 41.913
502200.000 6964800.000 41.915
502200.000 6964900.000 41.917
502200.000 6965000.000 41.919
502200.000 6965100.000 41.921
502200.000 6965200.000 41.923
502200.000 6965300.000 41.924
502200.000 6965400.000 41.926
502200.000 6965500.000 41.928
502200.000 6965600.000 41.930
502200.000 6965700.000 41.932
502200.000 6965800.000 41.934
502200.000 6965900.000 41.936
502200.000 6966000.000 41.937
502200.000 6966100.000 41.939
502200.000 6966200.000 41.941
502200.000 6966300.000 41.943
502200.000 6966400.000 41.944
502200.000 6966500.000 41.946
502200.000 6966600.000 41.948
502200.000 6966700.000 41.950
502200.000 6966800.000 41.952
502200.000 6966900.000 41.953
502200.000 6967000.000 41.955
502200.000 6967100.000 41.957
502200.000 6967200.000 41.959
502200.000 6967300.000 41.961
502200.000 6967400.000 41.962
502200.000 6967500.000 41.964
502200.000 6967600.000 41.966
502200.000 6967700.000 41.968
502200.000 6967800.000 41.970
502200.000 6967900.000 41.972
502200.000 6968000.000 41.974
502300.000 6964000.000 41.898
502300.000 6964100.000 41.900
502300.000 6964200.000 41.902
502300.000 6964300.000 41.904
502300.000 6964400.000 41.906
502300.000 6964500.000 41.908
502300.000 6964600.000 41.910
502300.000 6964700.000 41.912
502300.000 6964800.000 41.914
502300.000 6964900.000 41.915
502300.000 6965000.000 41.917
502300.000 6965100.000 41.919
502300.000 6965200.000 41.921
502300.000 6965300.000 41.923
502300.000 6965400.000 41.925
502300.000 6965500.000 41.927
502300.000 6965600.000 41.929
502300.000 6965700.000 41.931
502300.000 6965800.000 41.932
502300.000 6965900.000 41.934
502300.000 6966000.000 41.936
502300.000 6966100.000 41.938
502300.000 6966200.000 41.940
502300.000 6966300.000 41.941
502300.000 6966400.000 41.943
502300.000 6966500.000 41.945
502300.000 6966600.000 41.947
502300.000 6966700.000 41.948
502300.000 6966800.000 41.950
502300.000 6966900.000 41.952
502300.000 6967000.000 41.954
502300.000 6967100.000 41.956
502300.000 6967200.000 41.957
502300.000 6967300.000 41.959
502300.000 6967400.000 41.961
502300.000 6967500.000 41.963
502300.000 6967600.000 41.965
502300.000 6967700.000 41.967
502300.000 6967800.000 41.969
502300.000 6967900.000 41.970
502300.000 6968000.000 41.972
502400.000 6964000.000 41.897
502400.000 6964100.000 41.899
502400.000 6964200.000 41.901
502400.000 6964300.000 41.903
502400.000 6964400.000 41.905
502400.000 6964500.000 41.906
502400.000 6964600.000 41.908
502400.000 6964700.000 41.910
502400.000 6964800.000 41.912
502400.000 6964900.000 41.914
502400.000 6965000.000 41.916
502400.000 6965100.000 41.918
502400.000 6965200.000 41.920
502400.000 6965300.000 41.922
502400.000 6965400.000 41.924
502400.000 6965500.000 41.926
502400.000 6965600.000 41.928
502400.000 6965700.000 41.929
502400.000 6965800.000 41.931
502400.000 6965900.000 41.933
502400.000 6966000.000 41.935
502400.000 6966100.000 41.936
502400.000 6966200.000 41.938
502400.000 6966300.000 41.940
502400.000 6966400.000 41.942
502400.000 6966500.000 41.943
502400.000 6966600.000 41.945
502400.000 6966700.000 41.947
502400.000 6966800.000 41.949
502400.000 6966900.000 41.951
502400.000 6967000.000 41.952
502400.000 6967100.000 41.954
502400.000 6967200.000 41.956
502400.000 6967300.000 41.958
502400.000 6967400.000 41.959
502400.000 6967500.000 41.961
502400.000 6967600.000 41.963
502400.000 6967700.000 41.965
502400.000 6967800.000 41.967
502400.000 6967900.000 41.969
502400.000 6968000.000 41.971
502500.000 6964000.000 41.895
502500.000 6964100.000 41.897
502500.000 6964200.000 41.899
502500.000 6964300.000 41.901
502500.000 6964400.000 41.903
502500.000 6964500.000 41.905
502500.000 6964600.000 41.907
502500.000 6964700.000 41.909
502500.000 6964800.000 41.911
502500.000 6964900.000 41.913
502500.000 6965000.000 41.915
502500.000 6965100.000 41.917
502500.000 6965200.000 41.919
502500.000 6965300.000 41.920
502500.000 6965400.000 41.922
502500.000 6965500.000 41.924
502500.000 6965600.000 41.926
502500.000 6965700.000 41.928
502500.000 6965800.000 41.930
502500.000 6965900.000 41.931
502500.000 6966000.000 41.933
502500.000 6966100.000 41.935
502500.000 6966200.000 41.937
502500.000 6966300.000 41.938
502500.000 6966400.000 41.940
502500.000 6966500.000 41.942
502500.000 6966600.000 41.944
502500.000 6966700.000 41.946
502500.000 6966800.000 41.947
502500.000 6966900.000 41.949
502500.000 6967000.000 41.951
502500.000 6967100.000 41.953
502500.000 6967200.000 41.954
502500.000 6967300.000 41.956
502500.000 6967400.000 41.958
502500.000 6967500.000 41.960
502500.000 6967600.000 41.962
502500.000 6967700.000 41.964
502500.000 6967800.000 41.966
502500.000 6967900.000 41.967
502500.000 6968000.000 41.969
502600.000 6964000.000 41.894
502600.000 6964100.000 41.896
502600.000 6964200.000 41.898
502600.000 6964300.000 41.900
502600.000 6964400.000 41.902
502600.000 6964500.000 41.904
502600.000 6964600.000 41.906
502600.000 6964700.000 41.908
502600.000 6964800.000 41.909
502600.000 6964900.000 41.911
502600.000 6965000.000 41.913
502600.000 6965100.000 41.915
502600.000 6965200.000 41.917
502600.000 6965300.000 41.919
502600.000 6965400.000 41.921
502600.000 6965500.000 41.923
502600.000 6965600.000 41.925
502600.000 6965700.000 41.927
502600.000 6965800.000 41.928
502600.000 6965900.000 41.930
502600.000 6966000.000 41.932
502600.000 6966100.000 41.934
502600.000 6966200.000 41.935
502600.000 6966300.000 41.937
502600.000 6966400.000 41.939
502600.000 6966500.000 41.941
502600.000 6966600.000 41.942
502600.000 6966700.000 41.944
502600.000 6966800.000 41.946
502600.000 6966900.000 41.948
502600.000 6967000.000 41.949
502600.000 6967100.000 41.951
502600.000 6967200.000 41.953
502600.000 6967300.000 41.955
502600.000 6967400.000 41.956
502600.000 6967500.000 41.958
502600.000 6967600.000 41.960
502600.000 6967700.000 41.962
502600.000 6967800.000 41.964
502600.000 6967900.000 41.966
502600.000 6968000.000 41.968
502700.000 6964000.000 41.893
502700.000 6964100.000 41.895
502700.000 6964200.000 41.897
502700.000 6964300.000 41.898
502700.000 6964400.000 41.900
502700.000 6964500.000 41.902
502700.000 6964600.000 41.904
502700.000 6964700.000 41.906
502700.000 6964800.000 41.908
502700.000 6964900.000 41.910
502700.000 6965000.000 41.912
502700.000 6965100.000 41.914
502700.000 6965200.000 41.916
502700.000 6965300.000 41.918
502700.000 6965400.000 41.920
502700.000 6965500.000 41.922
502700.000 6965600.000 41.924
502700.000 6965700.000 41.925
502700.000 6965800.000 41.927
502700.000 6965900.000 41.929
502700.000 6966000.000 41.930
502700.000 6966100.000 41.932
502700.000 6966200.000 41.934
502700.000 6966300.000 41.936
502700.000 6966400.000 41.937
502700.000 6966500.000 41.939
502700.000 6966600.000 41.941
502700.000 6966700.000 41.943
502700.000 6966800.000 41.944
502700.000 6966900.000 41.946
502700.000 6967000.000 41.948
502700.000 6967100.000 41.950
502700.000 6967200.000 41.951
502700.000 6967300.000 41.953
502700.000 6967400.000 41.955
502700.000 6967500.000 41.957
502700.000 6967600.000 41.959
502700.000 6967700.000 41.961
502700.000 6967800.000 41.962
502700.000 6967900.000 41.964
502700.000 6968000.000 41.966
502800.000 6964000.000 41.891
502800.000 6964100.000 41.893
502800.000 6964200.000 41.895
502800.000 6964300.000 41.897
502800.000 6964400.000 41.899
502800.000 6964500.000 41.901
502800.000 6964600.000 41.903
502800.000 6964700.000 41.905
502800.000 6964800.000 41.907
502800.000 6964900.000 41.909
502800.000 6965000.000 41.911
502800.000 6965100.000 41.913
502800.000 6965200.000 41.915
502800.000 6965300.000 41.916
502800.000 6965400.000 41.918
502800.000 6965500.000 41.920
502800.000 6965600.000 41.922
502800.000 6965700.000 41.924
502800.000 6965800.000 41.926
502800.000 6965900.000 41.927
502800.000 6966000.000 41.929
502800.000 6966100.000 41.931
502800.000 6966200.000 41.933
502800.000 6966300.000 41.934
502800.000 6966400.000 41.936
502800.000 6966500.000 41.938
502800.000 6966600.000 41.939
502800.000 6966700.000 41.941
502800.000 6966800.000 41.943
502800.000 6966900.000 41.945
502800.000 6967000.000 41.946
502800.000 6967100.000 41.948
502800.000 6967200.000 41.950
502800.000 6967300.000 41.952
502800.000 6967400.000 41.953
502800.000 6967500.000 41.955
502800.000 6967600.000 41.957
502800.000 6967700.000 41.959
502800.000 6967800.000 41.961
502800.000 6967900.000 41.963
502800.000 6968000.000 41.965
502900.000 6964000.000 41.890
502900.000 6964100.000 41.892
502900.000 6964200.000 41.894
502900.000 6964300.000 41.896
502900.000 6964400.000 41.898
502900.000 6964500.000 41.900
502900.000 6964600.000 41.902
502900.000 6964700.000 41.903
502900.000 6964800.000 41.905
502900.000 6964900.000 41.907
502900.000 6965000.000 41.909
502900.000 6965100.000 41.911
502900.000 6965200.000 41.913
502900.000 6965300.000 41.915
502900.000 6965400.000 41.917
502900.000 6965500.000 41.919
502900.000 6965600.000 41.921
502900.000 6965700.000 41.923
502900.000 6965800.000 41.924
502900.000 6965900.000 41.926
502900.000 6966000.000 41.928
502900.000 6966100.000 41.929
502900.000 6966200.000 41.931
502900.000 6966300.000 41.933
502900.000 6966400.000 41.935
502900.000 6966500.000 41.936
502900.000 6966600.000 41.938
502900.000 6966700.000 41.940
502900.000 6966800.000 41.941
502900.000 6966900.000 41.943
502900.000 6967000.000 41.945
502900.000 6967100.000 41.947
502900.000 6967200.000 41.948
502900.000 6967300.000 41.950
502900.000 6967400.000 41.952
502900.000 6967500.000 41.954
502900.000 6967600.000 41.956
502900.000 6967700.000 41.958
502900.000 6967800.000 41.959
502900.000 6967900.000 41.961
502900.000 6968000.000 41.963
503000.000 6964000.000 41.889
503000.000 6964100.000 41.890
503000.000 6964200.000 41.892
503000.000 6964300.000 41.894
503000.000 6964400.000 41.896
503000.000 6964500.000 41.898
503000.000 6964600.000 41.900
503000.000 6964700.000 41.902
503000.000 6964800.000 41.904
503000.000 6964900.000 41.906
503000.000 6965000.000 41.908
503000.000 6965100.000 41.910
503000.000 6965200.000 41.912
503000.000 6965300.000 41.914
503000.000 6965400.000 41.916
503000.000 6965500.000 41.918
503000.000 6965600.000 41.919
503000.000 6965700.000 41.921
503000.000 6965800.000 41.923
503000.000 6965900.000 41.925
503000.000 6966000.000 41.926
503000.000 6966100.000 41.928
503000.000 6966200.000 41.930
503000.000 6966300.000 41.931
503000.000 6966400.000 41.933
503000.000 6966500.000 41.935
503000.000 6966600.000 41.937
503000.000 6966700.000 41.938
503000.000 6966800.000 41.940
503000.000 6966900.000 41.942
503000.000 6967000.000 41.943
503000.000 6967100.000 41.945
503000.000 6967200.000 41.947
503000.000 6967300.000 41.949
503000.000 6967400.000 41.950
503000.000 6967500.000 41.952
503000.000 6967600.000 41.954
503000.000 6967700.000 41.956
503000.000 6967800.000 41.958
503000.000 6967900.000 41.960
503000.000 6968000.000 41.962
503100.000 6964000.000 41.887
503100.000 6964100.000 41.889
503100.000 6964200.000 41.891
503100.000 6964300.000 41.893
503100.000 6964400.000 41.895
503100.000 6964500.000 41.897
503100.000 6964600.000 41.899
503100.000 6964700.000 41.901
503100.000 6964800.000 41.903
503100.000 6964900.000 41.905
503100.000 6965000.000 41.907
503100.000 6965100.000 41.909
503100.000 6965200.000 41.910
503100.000 6965300.000 41.912
503100.000 6965400.000 41.914
503100.000 6965500.000 41.916
503100.000 6965600.000 41.918
503100.000 6965700.000 41.920
503100.000 6965800.000 41.922
503100.000 6965900.000 41.923
503100.000 6966000.000 41.925
503100.000 6966100.000 41.927
503100.000 6966200.000 41.928
503100.000 6966300.000 41.930
503100.000 6966400.000 41.932
503100.000 6966500.000 41.933
503100.000 6966600.000 41.935
503100.000 6966700.000 41.937
503100.000 6966800.000 41.939
503100.000 6966900.000 41.940
503100.000 6967000.000 41.942
503100.000 6967100.000 41.944
503100.000 6967200.000 41.945
503100.000 6967300.000 41.947
503100.000 6967400.000 41.949
503100.000 6967500.000 41.951
503100.000 6967600.000 41.953
503100.000 6967700.000 41.955
503100.000 6967800.000 41.956
503100.000 6967900.000 41.958
503100.000 6968000.000 41.960
503200.000 6964000.000 41.886
503200.000 6964100.000 41.888
503200.000 6964200.000 41.890
503200.000 6964300.000 41.892
503200.000 6964400.000 41.894
503200.000 6964500.000 41.895
503200.000 6964600.000 41.897
503200.000 6964700.000 41.899
503200.000 6964800.000 41.901
503200.000 6964900.000 41.903
503200.000 6965000.000 41.905
503200.000 6965100.000 41.907
503200.000 6965200.000 41.909
503200.000 6965300.000 41.911
503200.000 6965400.000 41.913
503200.000 6965500.000 41.915
503200.000 6965600.000 41.917
503200.000 6965700.000 41.919
503200.000 6965800.000 41.920
503200.000 6965900.000 41.922
503200.000 6966000.000 41.924
503200.000 6966100.000 41.925
503200.000 6966200.000 41.927
503200.000 6966300.000 41.929
503200.000 6966400.000 41.930
503200.000 6966500.000 41.932
503200.000 6966600.000 41.934
503200.000 6966700.000 41.935
503200.000 6966800.000 41.937
503200.000 6966900.000 41.939
503200.000 6967000.000 41.940
503200.000 6967100.000 41.942
503200.000 6967200.000 41.944
503200.000 6967300.000 41.946
503200.000 6967400.000 41.947
503200.000 6967500.000 41.949
503200.000 6967600.000 41.951
503200.000 6967700.000 41.953
503200.000 6967800.000 41.955
503200.000 6967900.000 41.957
503200.000 6968000.000 41.959
503300.000 6964000.000 41.884
503300.000 6964100.000 41.886
503300.000 6964200.000 41.888
503300.000 6964300.000 41.890
503300.000 6964400.000 41.892
503300.000 6964500.000 41.894
503300.000 6964600.000 41.896
503300.000 6964700.000 41.898
503300.000 6964800.000 41.900
503300.000 6964900.000 41.902
503300.000 6965000.000 41.904
503300.000 6965100.000 41.906
503300.000 6965200.000 41.908
503300.000 6965300.000 41.910
503300.000 6965400.000 41.912
503300.000 6965500.000 41.914
503300.000 6965600.000 41.915
503300.000 6965700.000 41.917
503300.000 6965800.000 41.919
503300.000 6965900.000 41.921
503300.000 6966000.000 41.922
503300.000 6966100.000 41.924
503300.000 6966200.000 41.926
503300.000 6966300.000 41.927
503300.000 6966400.000 41.929
503300.000 6966500.000 41.931
503300.000 6966600.000 41.932
503300.000 6966700.000 41.934
503300.000 6966800.000 41.936
503300.000 6966900.000 41.937
503300.000 6967000.000 41.939
503300.000 6967100.000 41.941
503300.000 6967200.000 41.942
503300.000 6967300.000 41.944
503300.000 6967400.000 41.946
503300.000 6967500.000 41.948
503300.000 6967600.000 41.950
503300.000 6967700.000 41.952
503300.000 6967800.000 41.953
503300.000 6967900.000 41.955
503300.000 6968000.000 41.957
503400.000 6964000.000 41.883
503400.000 6964100.000 41.885
503400.000 6964200.000 41.887
503400.000 6964300.000 41.889
503400.000 6964400.000 41.891
503400.000 6964500.000 41.893
503400.000 6964600.000 41.895
503400.000 6964700.000 41.897
503400.000 6964800.000 41.899
503400.000 6964900.000 41.901
503400.000 6965000.000 41.903
503400.000 6965100.000 41.905
503400.000 6965200.000 41.906
503400.000 6965300.000 41.908
503400.000 6965400.000 41.910
503400.000 6965500.000 41.912
503400.000 6965600.000 41.914
503400.000 6965700.000 41.916
503400.000 6965800.000 41.917
503400.000 6965900.000 41.919
503400.000 6966000.000 41.921
503400.000 6966100.000 41.923
503400.000 6966200.000 41.924
503400.000 6966300.000 41.926
503400.000 6966400.000 41.928
503400.000 6966500.000 41.929
503400.000 6966600.000 41.931
503400.000 6966700.000 41.933
503400.000 6966800.000 41.934
503400.000 6966900.000 41.936
503400.000 6967000.000 41.938
503400.000 6967100.000 41.939
503400.000 6967200.000 41.941
503400.000 6967300.000 41.943
503400.000 6967400.000 41.944
503400.000 6967500.000 41.946
503400.000 6967600.000 41.948
503400.000 6967700.000 41.950
503400.000 6967800.000 41.952
503400.000 6967900.000 41.954
503400.000 6968000.000 41.956
503500.000 6964000.000 41.882
503500.000 6964100.000 41.884
503500.000 6964200.000 41.886
503500.000 6964300.000 41.888
503500.000 6964400.000 41.890
503500.000 6964500.000 41.892
503500.000 6964600.000 41.894
503500.000 6964700.000 41.896
503500.000 6964800.000 41.897
503500.000 6964900.000 41.899
503500.000 6965000.000 41.901
503500.000 6965100.000 41.903
503500.000 6965200.000 41.905
503500.000 6965300.000 41.907
503500.000 6965400.000 41.909
503500.000 6965500.000 41.911
503500.000 6965600.000 41.913
503500.000 6965700.000 41.914
503500.000 6965800.000 41.916
503500.000 6965900.000 41.918
503500.000 6966000.000 41.919
503500.000 6966100.000 41.921
503500.000 6966200.000 41.923
503500.000 6966300.000 41.925
503500.000 6966400.000 41.926
503500.000 6966500.000 41.928
503500.000 6966600.000 41.930
503500.000 6966700.000 41.931
503500.000 6966800.000 41.933
503500.000 6966900.000 41.935
503500.000 6967000.000 41.936
503500.000 6967100.000 41.938
503500.000 6967200.000 41.940
503500.000 6967300.000 41.941
503500.000 6967400.000 41.943
503500.000 6967500.000 41.945
503500.000 6967600.000 41.947
503500.000 6967700.000 41.949
503500.000 6967800.000 41.951
503500.000 6967900.000 41.952
503500.000 6968000.000 41.954
503600.000 6964000.000 41.881
503600.000 6964100.000 41.883
503600.000 6964200.000 41.885
503600.000 6964300.000 41.887
503600.000 6964400.000 41.889
503600.000 6964500.000 41.890
503600.000 6964600.000 41.892
503600.000 6964700.000 41.894
503600.000 6964800.000 41.896
503600.000 6964900.000 41.898
503600.000 6965000.000 41.900
503600.000 6965100.000 41.902
503600.000 6965200.000 41.904
503600.000 6965300.000 41.906
503600.000 6965400.000 41.908
503600.000 6965500.000 41.910
503600.000 6965600.000 41.911
503600.000 6965700.000 41.913
503600.000 6965800.000 41.915
503600.000 6965900.000 41.916
503600.000 6966000.000 41.918
503600.000 6966100.000 41.920
503600.000 6966200.000 41.921
503600.000 6966300.000 41.923
503600.000 6966400.000 41.925
503600.000 6966500.000 41.926
503600.000 6966600.000 41.928
503600.000 6966700.000 41.930
503600.000 6966800.000 41.932
503600.000 6966900.000 41.933
503600.000 6967000.000 41.935
503600.000 6967100.000 41.937
503600.000 6967200.000 41.938
503600.000 6967300.000 41.940
503600.000 6967400.000 41.942
503600.000 6967500.000 41.943
503600.000 6967600.000 41.945
503600.000 6967700.000 41.947
503600.000 6967800.000 41.949
503600.000 6967900.000 41.951
503600.000 6968000.000 41.953
503700.000 6964000.000 41.880
503700.000 6964100.000 41.882
503700.000 6964200.000 41.883
503700.000 6964300.000 41.885
503700.000 6964400.000 41.887
503700.000 6964500.000 41.889
503700.000 6964600.000 41.891
503700.000 6964700.000 41.893
503700.000 6964800.000 41.895
503700.000 6964900.000 41.897
503700.000 6965000.000 41.899
503700.000 6965100.000 41.901
503700.000 6965200.000 41.903
503700.000 6965300.000 41.904
503700.000 6965400.000 41.906
503700.000 6965500.000 41.908
503700.000 6965600.000 41.910
503700.000 6965700.000 41.912
503700.000 6965800.000 41.913
503700.000 6965900.000 41.915
503700.000 6966000.000 41.917
503700.000 6966100.000 41.918
503700.000 6966200.000 41.920
503700.000 6966300.000 41.922
503700.000 6966400.000 41.923
503700.000 6966500.000 41.925
503700.000 6966600.000 41.927
503700.000 6966700.000 41.928
503700.000 6966800.000 41.930
503700.000 6966900.000 41.932
503700.000 6967000.000 41.933
503700.000 6967100.000 41.935
503700.000 6967200.000 41.937
503700.000 6967300.000 41.938
503700.000 6967400.000 41.940
503700.000 6967500.000 41.942
503700.000 6967600.000 41.944
503700.000 6967700.000 41.946
503700.000 6967800.000 41.948
503700.000 6967900.000 41.950
503700.000 6968000.000 41.951
503800.000 6964000.000 41.878
503800.000 6964100.000 41.880
503800.000 6964200.000 41.882
503800.000 6964300.000 41.884
503800.000 6964400.000 41.886
503800.000 6964500.000 41.888
503800.000 6964600.000 41.890
503800.000 6964700.000 41.892
503800.000 6964800.000 41.894
503800.000 6964900.000 41.896
503800.000 6965000.000 41.897
503800.000 6965100.000 41.899
503800.000 6965200.000 41.901
503800.000 6965300.000 41.903
503800.000 6965400.000 41.905
503800.000 6965500.000 41.907
503800.000 6965600.000 41.909
503800.000 6965700.000 41.910
503800.000 6965800.000 41.912
503800.000 6965900.000 41.914
503800.000 6966000.000 41.915
503800.000 6966100.000 41.917
503800.000 6966200.000 41.919
503800.000 6966300.000 41.920
503800.000 6966400.000 41.922
503800.000 6966500.000 41.924
503800.000 6966600.000 41.925
503800.000 6966700.000 41.927
503800.000 6966800.000 41.929
503800.000 6966900.000 41.930
503800.000 6967000.000 41.932
503800.000 6967100.000 41.934
503800.000 6967200.000 41.935
503800.000 6967300.000 41.937
503800.000 6967400.000 41.939
503800.000 6967500.000 41.941
503800.000 6967600.000 41.942
503800.000 6967700.000 41.944
503800.000 6967800.000 41.946
503800.000 6967900.000 41.948
503800.000 6968000.000 41.950
503900.000 6964000.000 41.877
503900.000 6964100.000 41.879
503900.000 6964200.000 41.881
503900.000 6964300.000 41.883
503900.000 6964400.000 41.885
503900.000 6964500.000 41.887
503900.000 6964600.000 41.889
503900.000 6964700.000 41.891
503900.000 6964800.000 41.892
503900.000 6964900.000 41.894
503900.000 6965000.000 41.896
503900.000 6965100.000 41.898
503900.000 6965200.000 41.900
503900.000 6965300.000 41.902
503900.000 6965400.000 41.904
503900.000 6965500.000 41.906
503900.000 6965600.000 41.907
503900.000 6965700.000 41.909
503900.000 6965800.000 41.911
503900.000 6965900.000 41.912
503900.000 6966000.000 41.914
503900.000 6966100.000 41.916
503900.000 6966200.000 41.917
503900.000 6966300.000 41.919
503900.000 6966400.000 41.921
503900.000 6966500.000 41.922
503900.000 6966600.000 41.924
503900.000 6966700.000 41.926
503900.000 6966800.000 41.927
503900.000 6966900.000 41.929
503900.000 6967000.000 41.931
503900.000 6967100.000 41.932
503900.000 6967200.000 41.934
503900.000 6967300.000 41.936
503900.000 6967400.000 41.937
503900.000 6967500.000 41.939
503900.000 6967600.000 41.941
503900.000 6967700.000 41.943
503900.000 6967800.000 41.945
503900.000 6967900.000 41.947
503900.000 6968000.000 41.949
504000.000 6964000.000 41.876
504000.000 6964100.000 41.878
504000.000 6964200.000 41.880
504000.000 6964300.000 41.882
504000.000 6964400.000 41.884
504000.000 6964500.000 41.886
504000.000 6964600.000 41.887
504000.000 6964700.000 41.889
504000.000 6964800.000 41.891
504000.000 6964900.000 41.893
504000.000 6965000.000 41.895
504000.000 6965100.000 41.897
504000.000 6965200.000 41.899
504000.000 6965300.000 41.901
504000.000 6965400.000 41.902
504000.000 6965500.000 41.904
504000.000 6965600.000 41.906
504000.000 6965700.000 41.908
504000.000 6965800.000 41.909
504000.000 6965900.000 41.911
504000.000 6966000.000 41.913
504000.000 6966100.000 41.914
504000.000 6966200.000 41.916
504000.000 6966300.000 41.918
504000.000 6966400.000 41.919
504000.000 6966500.000 41.921
504000.000 6966600.000 41.923
504000.000 6966700.000 41.924
504000.000 6966800.000 41.926
504000.000 6966900.000 41.928
504000.000 6967000.000 41.929
504000.000 6967100.000 41.931
504000.000 6967200.000 41.933
504000.000 6967300.000 41.934
504000.000 6967400.000 41.936
504000.000 6967500.000 41.938
504000.000 6967600.000 41.940
504000.000 6967700.000 41.941
504000.000 6967800.000 41.943
504000.000 6967900.000 41.945
504000.000 6968000.000 41.947
